 0.010000	1.000000000000
 0.020000	1.402000000000
 0.030000	-1.416060200000
 0.040000	21.720487808020
 0.050000	-164.174831591421
 0.060000	1333.596902428865
 0.070000	-10729.702746546784
 0.080000	86434.639726489448
 0.090000	-696174.800420889980
 0.100000	5607351.801273683100
 0.110000	-45164388.900729232000
 0.120000	363776486.720496180000
 0.130000	-2930036905.431175200000
 0.140000	23599975894.704563000000
 0.150000	-190085954471.646060000000
 0.160000	1531046906665.530300000000
 0.170000	-12331813978026.965000000000
 0.180000	99326568850927.906000000000
 0.190000	-800025632666450.620000000000
 0.200000	6443804717385975.000000000000
 0.210000	-51901611073900888.000000000000
 0.220000	418041413452275140.000000000000
 0.230000	-3367113654956555300.000000000000
 0.240000	27120409606712820000.000000000000
 0.250000	-218441280160877640000.000000000000
 0.260000	1759434815708397000000.000000000000
 0.270000	-14171363894438748000000.000000000000
 0.280000	114143219649625650000000.000000000000
 0.290000	-919366314282248660000000.000000000000
 0.300000	7405033977764606100000000.000000000000
 0.310000	-59643830059901381000000000.000000000000
 0.320000	480401099427268190000000000.000000000000
 0.330000	-3869389609941990800000000000.000000000000
 0.340000	31165990193146467000000000000.000000000000
 0.350000	-251026400190769080000000000000.000000000000
 0.360000	2021891594081078100000000000000.000000000000
 0.370000	-16285321444712531000000000000000.000000000000
 0.380000	131170086138148760000000000000000.000000000000
 0.390000	-1056509173362102800000000000000000.000000000000
 0.400000	8509650837788397800000000000000000.000000000000
 0.410000	-68540964155219778000000000000000000.000000000000
 0.420000	552063046637065900000000000000000000.000000000000
 0.430000	-4446590607800620800000000000000000000.000000000000
 0.440000	35815054374358795000000000000000000000.000000000000
 0.450000	-288472277521572240000000000000000000000.000000000000
 0.460000	2323499331556516900000000000000000000000.000000000000
 0.470000	-18714620309883553000000000000000000000000.000000000000
 0.480000	150736868561301300000000000000000000000000.000000000000
 0.490000	-1214109779810349800000000000000000000000000.000000000000
 0.500000	9779044579473056600000000000000000000000000.000000000000
 0.510000	-78765293285306736000000000000000000000000000.000000000000
 0.520000	634414883366313970000000000000000000000000000.000000000000
 0.530000	-5109893297531526500000000000000000000000000000.000000000000
 0.540000	41157624445391517000000000000000000000000000000.000000000000
 0.550000	-331503996532804110000000000000000000000000000000.000000000000
 0.560000	2670098218691687300000000000000000000000000000000.000000000000
 0.570000	-21506300292084191000000000000000000000000000000000.000000000000
 0.580000	173222448902995770000000000000000000000000000000000.000000000000
 0.590000	-1395219837741932000000000000000000000000000000000000.000000000000
 0.600000	11237795146971610000000000000000000000000000000000000.000000000000
 0.610000	-90514796556854581000000000000000000000000000000000000.000000000000
 0.620000	729051231899046120000000000000000000000000000000000000.000000000000
 0.630000	-5872141560851418900000000000000000000000000000000000000.000000000000
 0.640000	47297151423582497000000000000000000000000000000000000000.000000000000
 0.650000	-380954803218493960000000000000000000000000000000000000000.000000000000
 0.660000	3068399633532282600000000000000000000000000000000000000000.000000000000
 0.670000	-24714418171178948000000000000000000000000000000000000000000.000000000000
 0.680000	199062227379018440000000000000000000000000000000000000000000.000000000000
 0.690000	-1603346277247431400000000000000000000000000000000000000000000.000000000000
 0.700000	12914149101067263000000000000000000000000000000000000000000000.000000000000
 0.710000	-104016985832224730000000000000000000000000000000000000000000000.000000000000
 0.720000	837804586035566430000000000000000000000000000000000000000000000.000000000000
 0.730000	-6748095215087183000000000000000000000000000000000000000000000000.000000000000
 0.740000	54352518225472428000000000000000000000000000000000000000000000000.000000000000
 0.750000	-437782239771219380000000000000000000000000000000000000000000000000.000000000000
 0.760000	3526116097584721300000000000000000000000000000000000000000000000000.000000000000
 0.770000	-28401094434858134000000000000000000000000000000000000000000000000000.000000000000
 0.780000	228756553322291420000000000000000000000000000000000000000000000000000.000000000000
 0.790000	-1842519160940065600000000000000000000000000000000000000000000000000000.000000000000
 0.800000	14840566572308401000000000000000000000000000000000000000000000000000000.000000000000
 0.810000	-119533311162283010000000000000000000000000000000000000000000000000000000.000000000000
 0.820000	962780794641635430000000000000000000000000000000000000000000000000000000.000000000000
 0.830000	-7754715815345568700000000000000000000000000000000000000000000000000000000.000000000000
 0.840000	62460341659758880000000000000000000000000000000000000000000000000000000000.000000000000
 0.850000	-503086685979344170000000000000000000000000000000000000000000000000000000000.000000000000
 0.860000	4052110617459857900000000000000000000000000000000000000000000000000000000000.000000000000
 0.870000	-32637716150582200000000000000000000000000000000000000000000000000000000000000.000000000000
 0.880000	262880413712330390000000000000000000000000000000000000000000000000000000000000.000000000000
 0.890000	-2117369720195120300000000000000000000000000000000000000000000000000000000000000.000000000000
 0.900000	17054349803729311000000000000000000000000000000000000000000000000000000000000000.000000000000
 0.910000	-137364223382376210000000000000000000000000000000000000000000000000000000000000000.000000000000
 0.920000	1106399838316747100000000000000000000000000000000000000000000000000000000000000000.000000000000
 0.930000	-8911495090099116700000000000000000000000000000000000000000000000000000000000000000.000000000000
 0.940000	71777617811008126000000000000000000000000000000000000000000000000000000000000000000.000000000000
 0.950000	-578132666464370780000000000000000000000000000000000000000000000000000000000000000000.000000000000
 0.960000	4656568303969866600000000000000000000000000000000000000000000000000000000000000000000.000000000000
 0.970000	-37506319271224096000000000000000000000000000000000000000000000000000000000000000000000.000000000000
 0.980000	302094566953033060000000000000000000000000000000000000000000000000000000000000000000000.000000000000
 0.990000	-2433220032138921500000000000000000000000000000000000000000000000000000000000000000000000.000000000000
